sample_index,timestamp_ms,ch2_mv,packet_index
0,0.000,400.000000,0
1,2.000,381.213520,0
2,4.000,311.028708,0
3,6.000,297.014987,0
4,8.000,310.108889,0
5,10.000,325.326100,0
6,12.000,370.247313,0
7,14.000,400.000000,0
8,16.000,400.000000,0
9,18.000,400.000000,0
10,20.000,400.000000,0
11,22.000,376.606700,0
12,24.000,321.410361,0
13,26.000,308.384932,0
14,28.000,321.031084,0
15,30.000,335.758154,0
16,32.000,379.722068,0
17,34.000,400.000000,0
18,36.000,400.000000,0
19,38.000,400.000000,0
20,40.000,400.000000,0
21,42.000,372.127244,0
22,44.000,297.926986,0
23,46.000,277.595219,0
24,48.000,288.999640,0
25,50.000,307.126368,1
26,52.000,369.693133,1
27,54.000,400.000000,1
28,56.000,400.000000,1
29,58.000,400.000000,1
30,60.000,400.000000,1
31,62.000,378.954646,1
32,64.000,315.051307,1
33,66.000,301.464689,1
34,68.000,314.386691,1
35,70.000,328.910104,1
36,72.000,369.215246,1
37,74.000,400.000000,1
38,76.000,400.000000,1
39,78.000,400.000000,1
40,80.000,400.000000,1
41,82.000,384.953116,1
42,84.000,345.810264,1
43,86.000,336.919634,1
44,88.000,349.627823,1
45,90.000,361.575599,1
46,92.000,377.941272,1
47,94.000,400.000000,1
48,96.000,400.000000,1
49,98.000,400.000000,1
50,100.000,400.000000,2
51,102.000,380.141161,2
52,104.000,339.466708,2
53,106.000,321.712437,2
54,108.000,332.485239,2
55,110.000,344.445603,2
56,112.000,351.370806,2
57,114.000,356.701035,2
58,116.000,354.371304,2
59,118.000,340.845912,2
60,120.000,327.272359,2
61,122.000,320.121994,2
62,124.000,322.953167,2
63,126.000,334.060756,2
64,128.000,349.337953,2
65,130.000,362.329574,2
66,132.000,368.859192,2
67,134.000,365.962454,2
68,136.000,355.138535,2
69,138.000,339.918320,2
70,140.000,326.168052,2
71,142.000,318.959465,2
72,144.000,321.784678,2
73,146.000,332.857839,2
74,148.000,348.115915,2
75,150.000,361.083694,3
76,152.000,367.568346,3
77,154.000,364.710804,3
78,156.000,353.902907,3
79,158.000,338.642733,3
80,160.000,324.928609,3
81,162.000,317.673673,3
82,164.000,320.453873,3
83,166.000,331.534616,3
84,168.000,346.770757,3
85,170.000,359.790559,3
86,172.000,366.307970,3
87,174.000,363.454624,3
88,176.000,352.682108,3
89,178.000,337.432902,3
90,180.000,323.654547,3
91,182.000,316.399993,3
92,184.000,319.153299,3
93,186.000,330.182878,3
94,188.000,345.379346,3
95,190.000,360.507150,3
96,192.000,387.695931,3
97,194.000,400.000000,3
98,196.000,400.000000,3
99,198.000,400.000000,3
100,200.000,399.489880,4
101,202.000,371.093794,4
102,204.000,327.043668,4
103,206.000,319.429579,4
104,208.000,332.471887,4
105,210.000,350.814957,4
106,212.000,400.000000,4
107,214.000,400.000000,4
108,216.000,400.000000,4
109,218.000,400.000000,4
110,220.000,400.000000,4
111,222.000,376.619527,4
112,224.000,296.492374,4
113,226.000,281.740175,4
114,228.000,294.684445,4
115,230.000,316.900100,4
116,232.000,389.091204,4
117,234.000,400.000000,4
118,236.000,400.000000,4
119,238.000,400.000000,4
120,240.000,400.000000,4
121,242.000,374.055573,4
122,244.000,312.109937,4
123,246.000,304.784668,4
124,248.000,318.502798,4
125,250.000,334.685079,5
126,252.000,380.363700,5
127,254.000,400.000000,5
128,256.000,400.000000,5
129,258.000,400.000000,5
130,260.000,400.000000,5
131,262.000,368.366285,5
132,264.000,315.315093,5
133,266.000,302.891004,5
134,268.000,315.708341,5
135,270.000,330.141917,5
136,272.000,367.368694,5
137,274.000,400.000000,5
138,276.000,400.000000,5
139,278.000,400.000000,5
140,280.000,400.000000,5
141,282.000,375.153491,5
142,284.000,328.957788,5
143,286.000,310.112942,5
144,288.000,321.330633,5
145,290.000,334.207956,5
146,292.000,363.276573,5
147,294.000,400.000000,5
148,296.000,400.000000,5
149,298.000,400.000000,5
150,300.000,387.416600,6
151,302.000,365.363165,6
152,304.000,333.961527,6
153,306.000,332.501546,6
154,308.000,346.250289,6
155,310.000,358.367581,6
156,312.000,376.463124,6
157,314.000,400.000000,6
158,316.000,400.000000,6
159,318.000,398.838138,6
160,320.000,384.927366,6
161,322.000,355.269284,6
162,324.000,311.230458,6
163,326.000,303.753937,6
164,328.000,317.026081,6
165,330.000,329.579917,6
166,332.000,353.417248,6
167,334.000,390.989303,6
168,336.000,396.573019,6
169,338.000,382.848022,6
170,340.000,369.831797,6
171,342.000,362.469907,6
172,344.000,361.253686,6
173,346.000,369.264122,6
174,348.000,383.975933,6
175,350.000,396.841287,7
176,352.000,400.000000,7
177,354.000,398.591280,7
178,356.000,387.579440,7
179,358.000,373.179433,7
180,360.000,360.615821,7
181,362.000,350.598759,7
182,364.000,339.760678,7
183,366.000,343.846028,7
184,368.000,357.784028,7
185,370.000,369.709917,7
186,372.000,380.210302,7
187,374.000,400.000000,7
188,376.000,400.000000,7
189,378.000,400.000000,7
190,380.000,392.458343,7
191,382.000,367.944714,7
192,384.000,326.319876,7
193,386.000,315.387906,7
194,388.000,327.917043,7
195,390.000,339.930527,7
196,392.000,351.790422,7
197,394.000,371.029850,7
198,396.000,371.693512,7
199,398.000,357.917208,7
200,400.000,345.024007,8
201,402.000,338.374417,8
202,404.000,341.066067,8
203,406.000,351.623768,8
204,408.000,366.135689,8
205,410.000,378.342769,8
206,412.000,384.118221,8
207,414.000,381.025646,8
208,416.000,370.591112,8
209,418.000,356.248326,8
210,420.000,343.578189,8
211,422.000,336.124985,8
212,424.000,330.141155,8
213,426.000,332.306949,8
214,428.000,345.409244,8
215,430.000,358.528323,8
216,432.000,394.866180,8
217,434.000,400.000000,8
218,436.000,400.000000,8
219,438.000,400.000000,8
220,440.000,400.000000,8
221,442.000,301.858556,8
222,444.000,143.104570,8
223,446.000,101.229823,8
224,448.000,114.866080,8
225,450.000,139.099281,9
226,452.000,21.989062,9
227,454.000,-181.278203,9
228,456.000,-230.228404,9
229,458.000,-225.800398,9
230,460.000,-90.035878,9
231,462.000,153.531808,9
232,464.000,82.580862,9
233,466.000,40.634780,9
234,468.000,54.203421,9
235,470.000,2.142144,9
236,472.000,-250.539619,9
237,474.000,-400.000048,9
238,476.000,-400.000048,9
239,478.000,-400.000048,9
240,480.000,-294.526374,9
241,482.000,72.360333,9
242,484.000,92.938768,9
243,486.000,57.851464,9
244,488.000,72.356900,9
245,490.000,26.106742,9
246,492.000,-232.389669,9
247,494.000,-400.000048,9
248,496.000,-400.000048,9
249,498.000,-400.000048,9
250,500.000,-272.549280,10
251,502.000,98.051321,10
252,504.000,114.647211,10
253,506.000,79.211483,10
254,508.000,94.653904,10
255,510.000,69.035824,10
256,512.000,-177.741263,10
257,514.000,-376.563642,10
258,516.000,-400.000048,10
259,518.000,-400.000048,10
260,520.000,-235.582284,10
261,522.000,126.716820,10
262,524.000,142.280023,10
263,526.000,107.167924,10
264,528.000,122.917714,10
265,530.000,122.406164,10
266,532.000,-97.808325,10
267,534.000,-304.437531,10
268,536.000,-345.383495,10
269,538.000,-338.232653,10
270,540.000,-171.737834,10
271,542.000,166.121217,10
272,544.000,162.663145,10
273,546.000,127.084175,10
274,548.000,142.653816,10
275,550.000,158.475179,11
276,552.000,-34.244637,11
277,554.000,-244.756060,11
278,556.000,-288.269506,11
279,558.000,-282.166324,11
280,560.000,-126.225057,11
281,562.000,191.917681,11
282,564.000,180.815384,11
283,566.000,145.449751,11
284,568.000,160.710068,11
285,570.000,187.750410,11
286,572.000,18.701842,11
287,574.000,-195.390343,11
288,576.000,-241.770344,11
289,578.000,-236.339073,11
290,580.000,-82.267962,11
291,582.000,216.608741,11
292,584.000,189.138244,11
293,586.000,152.526635,11
294,588.000,167.723103,11
295,590.000,198.027444,11
296,592.000,36.414103,11
297,594.000,-179.388258,11
298,596.000,-226.572636,11
299,598.000,-221.624687,11
300,600.000,-68.273982,12
301,602.000,225.163773,12
302,604.000,193.363928,12
303,606.000,156.802148,12
304,608.000,172.060606,12
305,610.000,204.329324,12
306,612.000,46.891266,12
307,614.000,-170.826694,12
308,616.000,-219.344022,12
309,618.000,-215.068652,12
310,620.000,-61.580045,12
311,622.000,229.738692,12
312,624.000,195.726275,12
313,626.000,159.228630,12
314,628.000,174.554893,12
315,630.000,207.142092,12
316,632.000,50.026804,12
317,634.000,-166.903373,12
318,636.000,-215.164353,12
319,638.000,-211.299445,12
320,640.000,-57.392175,12
321,642.000,232.150821,12
322,644.000,197.273516,12
323,646.000,161.171885,12
324,648.000,176.518414,12
325,650.000,210.511328,13
326,652.000,59.585006,13
327,654.000,-155.675001,13
328,656.000,-203.303457,13
329,658.000,-199.520945,13
330,660.000,-47.169071,13
331,662.000,234.441690,13
332,664.000,195.768094,13
333,666.000,160.654135,13
334,668.000,176.106140,13
335,670.000,210.649563,13
336,672.000,63.826759,13
337,674.000,-148.208350,13
338,676.000,-194.571375,13
339,678.000,-190.481829,13
340,680.000,-40.126328,13
341,682.000,235.829763,13
342,684.000,198.282552,13
343,686.000,164.442797,13
344,688.000,179.591248,13
345,690.000,216.730573,13
346,692.000,84.345255,13
347,694.000,-126.037708,13
348,696.000,-173.502418,13
349,698.000,-170.291778,13
350,700.000,-33.363156,14
351,702.000,238.823442,14
352,704.000,211.818768,14
353,706.000,180.399725,14
354,708.000,195.080113,14
355,710.000,237.959032,14
356,712.000,136.166684,14
357,714.000,-71.447715,14
358,716.000,-120.157685,14
359,718.000,-116.890635,14
360,720.000,17.350294,14
361,722.000,260.007842,14
362,724.000,210.627295,14
363,726.000,177.012798,14
364,728.000,191.795515,14
365,730.000,233.743362,14
366,732.000,124.760547,14
367,734.000,-84.964667,14
368,736.000,-133.870522,14
369,738.000,-130.622450,14
370,740.000,4.259968,14
371,742.000,255.177004,14
372,744.000,209.511257,14
373,746.000,175.603697,14
374,748.000,190.419840,14
375,750.000,231.499318,15
376,752.000,116.651930,15
377,754.000,-95.601522,15
378,756.000,-145.175045,15
379,758.000,-142.176454,15
380,760.000,-6.490756,15
381,762.000,252.506715,15
382,764.000,211.334778,15
383,766.000,176.940462,15
384,768.000,191.649221,15
385,770.000,233.053617,15
386,772.000,120.487895,15
387,774.000,-91.982137,15
388,776.000,-142.658060,15
389,778.000,-140.482299,15
390,780.000,-14.111568,15
391,782.000,253.061277,15
392,784.000,233.940200,15
393,786.000,203.857398,15
394,788.000,216.867044,15
395,790.000,255.624182,15
396,792.000,279.459128,15
397,794.000,127.619472,15
398,796.000,56.252629,15
399,798.000,50.637585,15
400,800.000,87.514316,16
401,802.000,266.242297,16
402,804.000,302.883423,16
403,806.000,281.523023,16
404,808.000,293.747889,16
405,810.000,314.053382,16
406,812.000,360.392089,16
407,814.000,289.521919,16
408,816.000,215.718963,16
409,818.000,208.936621,16
410,820.000,216.670348,16
411,822.000,308.822096,16
412,824.000,373.449704,16
413,826.000,365.751215,16
414,828.000,377.871272,16
415,830.000,390.356921,16
416,832.000,400.000000,16
417,834.000,400.000000,16
418,836.000,400.000000,16
419,838.000,400.000000,16
420,840.000,391.721152,16
421,842.000,383.840273,16
422,844.000,385.853575,16
423,846.000,397.165918,16
424,848.000,400.000000,16
425,850.000,400.000000,17
426,852.000,395.803499,17
427,854.000,265.966256,17
428,856.000,198.963618,17
429,858.000,193.100142,17
430,860.000,194.361376,17
431,862.000,234.610252,17
432,864.000,363.133188,17
433,866.000,400.000000,17
434,868.000,400.000000,17
435,870.000,400.000000,17
436,872.000,400.000000,17
437,874.000,377.655742,17
438,876.000,347.682327,17
439,878.000,342.916243,17
440,880.000,343.709510,17
441,882.000,386.263560,17
442,884.000,400.000000,17
443,886.000,400.000000,17
444,888.000,400.000000,17
445,890.000,400.000000,17
446,892.000,400.000000,17
447,894.000,400.000000,17
448,896.000,400.000000,17
449,898.000,400.000000,17
450,900.000,400.000000,18
451,902.000,400.000000,18
452,904.000,400.000000,18
453,906.000,400.000000,18
454,908.000,400.000000,18
455,910.000,400.000000,18
456,912.000,400.000000,18
457,914.000,400.000000,18
458,916.000,400.000000,18
459,918.000,400.000000,18
460,920.000,400.000000,18
461,922.000,400.000000,18
462,924.000,382.623909,18
463,926.000,368.864676,18
464,928.000,381.570099,18
465,930.000,395.651912,18
466,932.000,400.000000,18
467,934.000,400.000000,18
468,936.000,400.000000,18
469,938.000,400.000000,18
470,940.000,400.000000,18
471,942.000,400.000000,18
472,944.000,360.260816,18
473,946.000,346.072429,18
474,948.000,358.976455,18
475,950.000,374.935243,19
476,952.000,400.000000,19
477,954.000,400.000000,19
478,956.000,400.000000,19
479,958.000,400.000000,19
480,960.000,400.000000,19
481,962.000,341.980880,19
482,964.000,173.602459,19
483,966.000,123.953453,19
484,968.000,137.551324,19
485,970.000,166.151973,19
486,972.000,40.978961,19
487,974.000,-167.290660,19
488,976.000,-217.672326,19
489,978.000,-214.418246,19
490,980.000,-97.983992,19
491,982.000,181.230614,19
492,984.000,165.215321,19
493,986.000,125.673214,19
494,988.000,139.651458,19
495,990.000,161.592074,19
496,992.000,-4.294491,19
497,994.000,-221.040800,19
498,996.000,-270.188364,19
499,998.000,-266.011127,19
500,1000.000,-124.643341,20
501,1002.000,182.601474,20
502,1004.000,161.856051,20
503,1006.000,119.742169,20
504,1008.000,134.363334,20
505,1010.000,148.260754,20
506,1012.000,-45.552641,20
507,1014.000,-263.491233,20
508,1016.000,-310.891284,20
509,1018.000,-305.909527,20
510,1020.000,-151.439589,20
511,1022.000,176.626226,20
512,1024.000,162.314291,20
513,1026.000,120.622602,20
514,1028.000,135.644834,20
515,1030.000,147.292918,20
516,1032.000,-56.013782,20
517,1034.000,-275.295481,20
518,1036.000,-322.394028,20
519,1038.000,-317.007627,20
520,1040.000,-156.178541,20
521,1042.000,179.228375,20
522,1044.000,164.892979,20
523,1046.000,123.038783,20
524,1048.000,138.274114,20
525,1050.000,150.450295,21
526,1052.000,-53.868348,21
527,1054.000,-273.332199,21
528,1056.000,-320.198860,21
529,1058.000,-314.560165,21
530,1060.000,-150.880307,21
531,1062.000,183.655236,21
532,1064.000,166.347476,21
533,1066.000,125.005165,21
534,1068.000,140.414779,21
535,1070.000,153.144759,21
536,1072.000,-51.945359,21
537,1074.000,-271.350416,21
538,1076.000,-317.767563,21
539,1078.000,-311.662663,21
540,1080.000,-143.705147,21
541,1082.000,188.679336,21
542,1084.000,164.415284,21
543,1086.000,122.228780,21
544,1088.000,137.863700,21
545,1090.000,147.006625,21
546,1092.000,-66.804703,21
547,1094.000,-286.077533,21
548,1096.000,-332.245342,21
549,1098.000,-325.905696,21
550,1100.000,-155.043191,22
551,1102.000,185.498927,22
552,1104.000,166.771193,22
553,1106.000,124.708191,22
554,1108.000,140.424364,22
555,1110.000,150.158566,22
556,1112.000,-64.922293,22
557,1114.000,-286.316429,22
558,1116.000,-333.498804,22
559,1118.000,-327.631751,22
560,1120.000,-155.363912,22
561,1122.000,188.029932,22
562,1124.000,169.186898,22
563,1126.000,126.943699,22
564,1128.000,142.771356,22
565,1130.000,152.865857,22
566,1132.000,-62.812050,22
567,1134.000,-285.296999,22
568,1136.000,-333.398811,22
569,1138.000,-327.995625,22
570,1140.000,-154.493398,22
571,1142.000,189.917873,22
572,1144.000,170.031854,22
573,1146.000,126.990524,22
574,1148.000,142.817896,22
575,1150.000,151.965112,23
576,1152.000,-66.270359,23
577,1154.000,-289.133869,23
578,1156.000,-337.469380,23
579,1158.000,-332.305709,23
580,1160.000,-157.381172,23
581,1162.000,189.553093,23
582,1164.000,170.765706,23
583,1166.000,127.953354,23
584,1168.000,143.870991,23
585,1170.000,153.654069,23
586,1172.000,-64.139517,23
587,1174.000,-287.659632,23
588,1176.000,-335.976736,23
589,1178.000,-330.994693,23
590,1180.000,-156.100244,23
591,1182.000,190.316366,23
592,1184.000,170.952007,23
593,1186.000,128.110806,23
594,1188.000,143.984144,23
595,1190.000,154.069156,23
596,1192.000,-62.945946,23
597,1194.000,-286.983810,23
598,1196.000,-336.024467,23
599,1198.000,-331.153528,23
600,1200.000,-155.810565,24
601,1202.000,190.392565,24
602,1204.000,169.349500,24
603,1206.000,126.091018,24
604,1208.000,141.929643,24
605,1210.000,150.817794,24
606,1212.000,-68.094929,24
607,1214.000,-292.192637,24
608,1216.000,-341.173403,24
609,1218.000,-336.634485,24
610,1220.000,-164.020796,24
611,1222.000,185.954355,24
612,1224.000,171.166393,24
613,1226.000,127.955595,24
614,1228.000,143.530434,24
615,1230.000,154.745979,24
616,1232.000,-58.510883,24
617,1234.000,-283.337341,24
618,1236.000,-333.106176,24
619,1238.000,-329.197827,24
620,1240.000,-161.883660,24
621,1242.000,186.281417,24
622,1244.000,176.756212,24
623,1246.000,134.356562,24
624,1248.000,149.599427,24
625,1250.000,167.048570,25
626,1252.000,-30.618004,25
627,1254.000,-254.849893,25
628,1256.000,-304.708708,25
629,1258.000,-301.416147,25
630,1260.000,-143.783968,25
631,1262.000,192.655634,25
632,1264.000,183.449338,25
633,1266.000,142.487305,25
634,1268.000,157.316370,25
635,1270.000,182.168505,25
636,1272.000,7.248832,25
637,1274.000,-216.437652,25
638,1276.000,-268.188127,25
639,1278.000,-266.705640,25
640,1280.000,-139.340942,25
641,1282.000,191.377663,25
642,1284.000,234.033708,25
643,1286.000,206.966520,25
644,1288.000,220.133808,25
645,1290.000,236.175756,25
646,1292.000,279.217420,25
647,1294.000,341.580336,25
648,1296.000,358.389611,25
649,1298.000,345.950073,25
650,1300.000,332.614891,26
651,1302.000,319.731560,26
652,1304.000,297.817695,26
653,1306.000,295.860469,26
654,1308.000,309.559239,26
655,1310.000,322.437468,26
656,1312.000,329.451886,26
657,1314.000,327.972404,26
658,1316.000,318.355264,26
659,1318.000,303.803385,26
660,1320.000,289.768778,26
661,1322.000,281.680522,26
662,1324.000,283.236347,26
663,1326.000,293.604075,26
664,1328.000,308.617009,26
665,1330.000,322.352591,26
666,1332.000,329.958049,26
667,1334.000,328.484956,26
668,1336.000,318.603697,26
669,1338.000,303.862560,26
670,1340.000,289.680849,26
671,1342.000,281.486974,26
672,1344.000,282.946811,26
673,1346.000,293.207347,26
674,1348.000,308.158959,26
675,1350.000,321.879854,27
676,1352.000,329.434386,27
677,1354.000,327.970353,27
678,1356.000,318.082132,27
679,1358.000,303.286636,27
680,1360.000,289.076220,27
681,1362.000,280.824266,27
682,1364.000,282.242570,27
683,1366.000,292.523753,27
684,1368.000,307.437981,27
685,1370.000,321.127882,27
686,1372.000,328.697435,27
687,1374.000,327.204839,27
688,1376.000,317.283716,27
689,1378.000,302.511871,27
690,1380.000,288.257347,27
691,1382.000,279.995999,27
692,1384.000,281.374154,27
693,1386.000,291.620718,27
694,1388.000,306.553734,27
695,1390.000,320.236769,27
696,1392.000,327.798930,27
697,1394.000,326.339951,27
698,1396.000,316.407194,27
699,1398.000,301.610601,27
700,1400.000,287.366138,28
701,1402.000,279.040131,28
702,1404.000,280.396924,28
703,1406.000,290.610873,28
704,1408.000,305.494631,28
705,1410.000,319.230308,28
706,1412.000,326.792184,28
707,1414.000,325.310698,28
708,1416.000,315.428581,28
709,1418.000,300.608766,28
710,1420.000,286.319004,28
711,1422.000,278.018651,28
712,1424.000,279.335008,28
713,1426.000,289.519869,28
714,1428.000,304.428185,28
715,1430.000,318.108406,28
716,1432.000,325.715485,28
717,1434.000,324.280444,28
718,1436.000,314.372243,28
719,1438.000,299.593198,28
720,1440.000,285.300718,28
721,1442.000,276.958308,28
722,1444.000,278.278861,28
723,1446.000,288.462626,28
724,1448.000,303.370369,28
725,1450.000,317.019882,29
726,1452.000,324.553624,29
727,1454.000,323.114529,29
728,1456.000,313.220443,29
729,1458.000,298.400104,29
730,1460.000,284.091697,29
731,1462.000,275.723299,29
732,1464.000,276.954159,29
733,1466.000,287.131296,29
734,1468.000,301.981771,29
735,1470.000,315.566530,29
736,1472.000,323.125973,29
737,1474.000,321.674004,29
738,1476.000,311.774196,29
739,1478.000,297.012889,29
740,1480.000,283.234249,29
741,1482.000,275.830111,29
742,1484.000,273.812756,29
743,1486.000,277.025303,29
744,1488.000,289.699351,29
745,1490.000,302.047241,29
746,1492.000,319.617357,29
747,1494.000,341.414540,29
748,1496.000,322.147980,29
749,1498.000,315.901031,29
750,1500.000,316.050376,30
751,1502.000,316.604223,30
752,1504.000,287.405525,30
753,1506.000,271.290525,30
754,1508.000,282.371984,30
755,1510.000,295.568788,30
756,1512.000,324.255887,30
757,1514.000,321.590033,30
758,1516.000,259.457619,30
759,1518.000,249.508554,30
760,1520.000,257.920248,30
761,1522.000,303.635538,30
762,1524.000,255.609590,30
763,1526.000,213.618161,30
764,1528.000,221.549967,30
765,1530.000,243.976861,30
766,1532.000,309.656848,30
767,1534.000,256.350834,30
768,1536.000,181.835578,30
769,1538.000,175.178549,30
770,1540.000,208.377338,30
771,1542.000,291.676032,30
772,1544.000,205.489469,30
773,1546.000,148.787182,30
774,1548.000,157.587690,30
775,1550.000,189.008592,31
776,1552.000,154.617805,31
777,1554.000,-44.148689,31
778,1556.000,-117.971339,31
779,1558.000,-121.117559,31
780,1560.000,-43.298583,31
781,1562.000,189.657711,31
782,1564.000,150.267190,31
783,1566.000,94.756662,31
784,1568.000,107.086242,31
785,1570.000,111.972822,31
786,1572.000,-90.711652,31
787,1574.000,-315.085163,31
788,1576.000,-367.880150,31
789,1578.000,-364.517923,31
790,1580.000,-221.735838,31
791,1582.000,129.589668,31
792,1584.000,138.490169,31
793,1586.000,89.982091,31
794,1588.000,103.721917,31
795,1590.000,96.689617,31
796,1592.000,-133.088175,31
797,1594.000,-355.753321,31
798,1596.000,-400.000048,31
799,1598.000,-400.000048,31
800,1600.000,-249.351627,32
801,1602.000,123.629060,32
802,1604.000,145.610398,32
803,1606.000,99.023497,32
804,1608.000,113.168444,32
805,1610.000,108.507932,32
806,1612.000,-123.551526,32
807,1614.000,-348.843855,32
808,1616.000,-399.832106,32
809,1618.000,-395.906114,32
810,1620.000,-236.371498,32
811,1622.000,138.247316,32
812,1624.000,152.841205,32
813,1626.000,105.521596,32
814,1628.000,119.911494,32
815,1630.000,118.046059,32
816,1632.000,-113.395800,32
817,1634.000,-341.354840,32
818,1636.000,-392.989253,32
819,1638.000,-388.895653,32
820,1640.000,-225.877360,32
821,1642.000,148.722523,32
822,1644.000,158.486099,32
823,1646.000,110.601772,32
824,1648.000,125.130144,32
825,1650.000,125.699344,33
826,1652.000,-104.501880,33
827,1654.000,-334.416811,33
828,1656.000,-386.292122,33
829,1658.000,-382.089517,33
830,1660.000,-217.775371,33
831,1662.000,156.450100,33
832,1664.000,163.177033,33
833,1666.000,115.344109,33
834,1668.000,129.978577,33
835,1670.000,133.747737,33
836,1672.000,-92.558919,33
837,1674.000,-324.351540,33
838,1676.000,-377.060411,33
839,1678.000,-372.795149,33
840,1680.000,-207.633377,33
841,1682.000,163.801451,33
842,1684.000,166.230508,33
843,1686.000,117.413010,33
844,1688.000,132.012240,33
845,1690.000,136.626403,33
846,1692.000,-89.571058,33
847,1694.000,-322.129479,33
848,1696.000,-375.044581,33
849,1698.000,-370.784041,33
850,1700.000,-206.146694,34
851,1702.000,166.309710,34
852,1704.000,170.109054,34
853,1706.000,121.263518,34
854,1708.000,135.861127,34
855,1710.000,142.645424,34
856,1712.000,-81.048927,34
857,1714.000,-315.203466,34
858,1716.000,-368.854757,34
859,1718.000,-364.685197,34
860,1720.000,-199.946046,34
861,1722.000,171.907207,34
862,1724.000,173.764297,34
863,1726.000,124.745670,34
864,1728.000,139.375560,34
865,1730.000,148.540801,34
866,1732.000,-71.577891,34
867,1734.000,-307.413996,34
868,1736.000,-361.931463,34
869,1738.000,-357.907624,34
870,1740.000,-193.739342,34
871,1742.000,176.323340,34
872,1744.000,176.995537,34
873,1746.000,127.396170,34
874,1748.000,141.887443,34
875,1750.000,153.002948,35
876,1752.000,-63.266571,35
877,1754.000,-299.536455,35
878,1756.000,-354.472870,35
879,1758.000,-350.661272,35
880,1760.000,-190.110039,35
881,1762.000,178.326294,35
882,1764.000,182.585547,35
883,1766.000,133.793322,35
884,1768.000,148.120278,35
885,1770.000,164.699717,35
886,1772.000,-39.328151,35
887,1774.000,-277.384553,35
888,1776.000,-333.869116,35
889,1778.000,-330.882970,35
890,1780.000,-182.442496,35
891,1782.000,182.361672,35
892,1784.000,207.161213,35
893,1786.000,161.788864,35
894,1788.000,174.232122,35
895,1790.000,211.824109,35
896,1792.000,118.362584,35
897,1794.000,-102.845776,35
898,1796.000,-169.820138,35
899,1798.000,-172.265979,35
900,1800.000,-137.790744,36
901,1802.000,96.061146,36
902,1804.000,302.607858,36
903,1806.000,314.882268,36
904,1808.000,326.336852,36
905,1810.000,343.595021,36
906,1812.000,332.522098,36
907,1814.000,194.713425,36
908,1816.000,122.202840,36
909,1818.000,115.638890,36
910,1820.000,116.987147,36
911,1822.000,167.943498,36
912,1824.000,296.505773,36
913,1826.000,360.895438,36
914,1828.000,366.558691,36
915,1830.000,365.345760,36
916,1832.000,359.214873,36
917,1834.000,323.081580,36
918,1836.000,291.126000,36
919,1838.000,285.251556,36
920,1840.000,284.059225,36
921,1842.000,285.047613,36
922,1844.000,304.699982,36
923,1846.000,330.264751,36
924,1848.000,334.502165,36
925,1850.000,334.179298,37
926,1852.000,332.688800,37
927,1854.000,330.021373,37
928,1856.000,326.168719,37
929,1858.000,323.362866,37
930,1860.000,321.998682,37
931,1862.000,322.037926,37
932,1864.000,330.332223,37
933,1866.000,346.488326,37
934,1868.000,350.462383,37
935,1870.000,350.596184,37
936,1872.000,347.741073,37
937,1874.000,327.636662,37
938,1876.000,306.689490,37
939,1878.000,301.978338,37
940,1880.000,300.715625,37
941,1882.000,303.978050,37
942,1884.000,346.224874,37
943,1886.000,392.350482,37
944,1888.000,398.847914,37
945,1890.000,398.626900,37
946,1892.000,389.285897,37
947,1894.000,340.199559,37
948,1896.000,303.398216,37
949,1898.000,297.875249,37
950,1900.000,298.290574,38
951,1902.000,339.174979,38
952,1904.000,365.678545,38
953,1906.000,350.229925,38
954,1908.000,361.454148,38
955,1910.000,377.355907,38
956,1912.000,400.000000,38
957,1914.000,330.407897,38
958,1916.000,265.048440,38
959,1918.000,259.661849,38
960,1920.000,278.299651,38
961,1922.000,353.499216,38
962,1924.000,295.938003,38
963,1926.000,254.095585,38
964,1928.000,264.367326,38
965,1930.000,295.954406,38
966,1932.000,370.176789,38
967,1934.000,286.053692,38
968,1936.000,210.079457,38
969,1938.000,205.387426,38
970,1940.000,256.101591,38
971,1942.000,344.309848,38
972,1944.000,241.696530,38
973,1946.000,189.308714,38
974,1948.000,200.309587,38
975,1950.000,241.391354,39
976,1952.000,197.471356,39
977,1954.000,-17.463877,39
978,1956.000,-86.208449,39
979,1958.000,-85.285531,39
980,1960.000,19.655421,39
981,1962.000,261.025031,39
982,1964.000,207.132412,39
983,1966.000,154.001779,39
984,1968.000,166.299744,39
985,1970.000,200.245738,39
986,1972.000,72.768697,39
987,1974.000,-162.139292,39
988,1976.000,-224.557999,39
989,1978.000,-222.540453,39
990,1980.000,-98.144734,39
991,1982.000,210.928751,39
992,1984.000,198.337626,39
993,1986.000,147.769421,39
994,1988.000,160.440989,39
995,1990.000,190.756534,39
996,1992.000,41.706853,39
997,1994.000,-195.905089,39
998,1996.000,-256.952412,39
999,1998.000,-254.824573,39
1000,2000.000,-124.971262,40
1001,2002.000,200.453973,40
1002,2004.000,196.852278,40
1003,2006.000,146.563452,40
1004,2008.000,159.358902,40
1005,2010.000,188.547872,40
1006,2012.000,32.629541,40
1007,2014.000,-205.634380,40
1008,2016.000,-266.826089,40
1009,2018.000,-264.836295,40
1010,2020.000,-133.244912,40
1011,2022.000,197.931218,40
1012,2024.000,198.520732,40
1013,2026.000,148.751896,40
1014,2028.000,161.562891,40
1015,2030.000,191.398310,40
1016,2032.000,36.796097,40
1017,2034.000,-202.223182,40
1018,2036.000,-263.317092,40
1019,2038.000,-261.202176,40
1020,2040.000,-128.309694,40
1021,2042.000,201.291633,40
1022,2044.000,196.796155,40
1023,2046.000,145.236605,40
1024,2048.000,157.968921,40
1025,2050.000,186.579917,41
1026,2052.000,29.052213,41
1027,2054.000,-210.887028,41
1028,2056.000,-273.137745,41
1029,2058.000,-271.512493,41
1030,2060.000,-141.995781,41
1031,2062.000,193.266606,41
1032,2064.000,200.073171,41
1033,2066.000,148.991173,41
1034,2068.000,161.337586,41
1035,2070.000,192.294144,41
1036,2072.000,48.051220,41
1037,2074.000,-190.805744,41
1038,2076.000,-254.418022,41
1039,2078.000,-253.629286,41
1040,2080.000,-135.591237,41
1041,2082.000,193.173336,41
1042,2084.000,215.299966,41
1043,2086.000,167.555495,41
1044,2088.000,179.097435,41
1045,2090.000,216.876008,41
1046,2092.000,120.452561,41
1047,2094.000,-111.765684,41
1048,2096.000,-179.889891,41
1049,2098.000,-180.480216,41
1050,2100.000,-84.524117,42
1051,2102.000,213.281085,42
1052,2104.000,245.139342,42
1053,2106.000,205.450607,42
1054,2108.000,216.409041,42
1055,2110.000,256.230051,42
1056,2112.000,258.844073,42
1057,2114.000,75.769433,42
1058,2116.000,1.889515,42
1059,2118.000,-2.514744,42
1060,2120.000,38.289742,42
1061,2122.000,249.821407,42
1062,2124.000,327.105418,42
1063,2126.000,310.151614,42
1064,2128.000,322.350540,42
1065,2130.000,343.765681,42
1066,2132.000,372.048470,42
1067,2134.000,264.703258,42
1068,2136.000,194.276022,42
1069,2138.000,189.288114,42
1070,2140.000,204.918314,42
1071,2142.000,324.475947,42
1072,2144.000,366.838833,42
1073,2146.000,351.065678,42
1074,2148.000,363.117786,42
1075,2150.000,376.324651,43
1076,2152.000,384.317968,43
1077,2154.000,384.540413,43
1078,2156.000,375.759313,43
1079,2158.000,361.573549,43
1080,2160.000,347.288459,43
1081,2162.000,338.643114,43
1082,2164.000,339.329426,43
1083,2166.000,349.136919,43
1084,2168.000,363.924165,43
1085,2170.000,377.912519,43
1086,2172.000,386.052893,43
1087,2174.000,385.342119,43
1088,2176.000,375.922915,43
1089,2178.000,361.389585,43
1090,2180.000,346.835559,43
1091,2182.000,337.925617,43
1092,2184.000,338.462584,43
1093,2186.000,348.154443,43
1094,2188.000,362.794395,43
1095,2190.000,376.798961,43
1096,2192.000,384.861277,43
1097,2194.000,384.106110,43
1098,2196.000,374.662587,43
1099,2198.000,360.042043,43
1100,2200.000,335.256760,44
1101,2202.000,0.000000,44
1102,2204.000,0.000000,44
1103,2206.000,0.000000,44
1104,2208.000,0.000000,44
1105,2210.000,0.000000,44
1106,2212.000,244.137269,44
1107,2214.000,0.000000,44
1108,2216.000,0.000000,44
1109,2218.000,0.000000,44
1110,2220.000,0.000000,44
1111,2222.000,0.000000,44
1112,2224.000,0.000000,44
1113,2226.000,-381.425617,44
1114,2228.000,373.492953,44
1115,2230.000,381.543873,44
1116,2232.000,380.769346,44
1117,2234.000,371.296784,44
1118,2236.000,356.675572,44
1119,2238.000,342.046159,44
1120,2240.000,333.048526,44
1121,2242.000,333.466045,44
1122,2244.000,343.102687,44
1123,2246.000,357.717938,44
1124,2248.000,371.660325,44
1125,2250.000,379.755447,45
1126,2252.000,378.972051,45
1127,2254.000,369.486614,45
1128,2256.000,354.888672,45
1129,2258.000,340.216248,45
1130,2260.000,331.225816,45
1131,2262.000,331.658546,45
1132,2264.000,341.249507,45
1133,2266.000,355.843968,45
1134,2268.000,369.817826,45
1135,2270.000,377.861449,45
1136,2272.000,377.124068,45
1137,2274.000,367.669483,45
1138,2276.000,353.034920,45
1139,2278.000,338.390009,45
1140,2280.000,329.362146,45
1141,2282.000,329.764501,45
1142,2284.000,339.384882,45
1143,2286.000,353.946585,45
1144,2288.000,367.938848,45
1145,2290.000,376.049182,45
1146,2292.000,375.289962,45
1147,2294.000,365.837665,45
1148,2296.000,351.234859,45
1149,2298.000,336.556999,45
1150,2300.000,327.552262,46
1151,2302.000,327.934829,46
1152,2304.000,337.501900,46
1153,2306.000,352.127546,46
1154,2308.000,366.115566,46
1155,2310.000,374.220797,46
1156,2312.000,373.524615,46
1157,2314.000,364.073368,46
1158,2316.000,349.478429,46
1159,2318.000,334.812538,46
1160,2320.000,325.770226,46
1161,2322.000,326.142541,46
1162,2324.000,335.722057,46
1163,2326.000,350.318283,46
1164,2328.000,364.350648,46
1165,2330.000,372.472998,46
1166,2332.000,371.784541,46
1167,2334.000,362.361617,46
1168,2336.000,347.745841,46
1169,2338.000,333.092872,46
1170,2340.000,324.057284,46
1171,2342.000,324.389496,46
1172,2344.000,333.994142,46
1173,2346.000,348.584598,46
1174,2348.000,362.613960,46
1175,2350.000,370.756956,47
1176,2352.000,370.091769,47
1177,2354.000,360.715766,47
1178,2356.000,346.092933,47
1179,2358.000,331.413499,47
1180,2360.000,322.366896,47
1181,2362.000,322.711554,47
1182,2364.000,332.283489,47
1183,2366.000,346.902459,47
1184,2368.000,360.910268,47
1185,2370.000,369.077870,47
1186,2372.000,368.417975,47
1187,2374.000,359.011025,47
1188,2376.000,344.437640,47
1189,2378.000,329.719583,47
1190,2380.000,320.656529,47
1191,2382.000,320.968571,47
1192,2384.000,330.529682,47
1193,2386.000,345.149987,47
1194,2388.000,359.149547,47
1195,2390.000,367.328592,47
1196,2392.000,366.692205,47
1197,2394.000,357.270426,47
1198,2396.000,342.685407,47
1199,2398.000,327.992240,47
1200,2400.000,317.944755,48
1201,2402.000,279.316363,48
1202,2404.000,225.300720,48
1203,2406.000,228.352383,48
1204,2408.000,255.173427,48
1205,2410.000,315.105237,48
1206,2412.000,208.525349,48
1207,2414.000,125.711170,48
1208,2416.000,122.004047,48
1209,2418.000,176.828215,48
1210,2420.000,304.925526,48
1211,2422.000,228.001288,48
1212,2424.000,171.151801,48
1213,2426.000,179.757187,48
1214,2428.000,213.566519,48
1215,2430.000,199.400830,48
1216,2432.000,6.486369,48
1217,2434.000,-68.265923,48
1218,2436.000,-69.677409,48
1219,2438.000,13.582994,48
1220,2440.000,230.368356,48
1221,2442.000,174.021122,48
1222,2444.000,114.747824,48
1223,2446.000,125.605741,48
1224,2448.000,149.712628,48
1225,2450.000,17.644551,49
1226,2452.000,-209.285237,49
1227,2454.000,-272.020086,49
1228,2456.000,-270.726999,49
1229,2458.000,-170.135375,49
1230,2460.000,141.428487,49
1231,2462.000,165.014859,49
1232,2464.000,112.552609,49
1233,2466.000,123.691907,49
1234,2468.000,144.347351,49
1235,2470.000,-8.463098,49
1236,2472.000,-239.471846,49
1237,2474.000,-301.645410,49
1238,2476.000,-300.404203,49
1239,2478.000,-191.903662,49
1240,2480.000,136.102359,49
1241,2482.000,166.471215,49
1242,2484.000,114.093556,49
1243,2486.000,125.435606,49
1244,2488.000,144.863718,49
1245,2490.000,-18.269970,49
1246,2492.000,-252.627546,49
1247,2494.000,-314.763631,49
1248,2496.000,-313.432206,49
1249,2498.000,-199.939704,49
1250,2500.000,138.083522,50
1251,2502.000,172.108242,50
1252,2504.000,120.222154,50
1253,2506.000,131.731240,50
1254,2508.000,152.889985,50
1255,2510.000,-9.661962,50
1256,2512.000,-246.323663,50
1257,2514.000,-309.102524,50
1258,2516.000,-307.739628,50
1259,2518.000,-192.232441,50
1260,2520.000,147.640913,50
1261,2522.000,180.147145,50
1262,2524.000,128.538719,50
1263,2526.000,140.117614,50
1264,2528.000,164.565631,50
1265,2530.000,9.292508,50
1266,2532.000,-229.075650,50
1267,2534.000,-292.973506,50
1268,2536.000,-291.632496,50
1269,2538.000,-176.360104,50
1270,2540.000,160.237236,50
1271,2542.000,190.010904,50
1272,2544.000,138.648765,50
1273,2546.000,150.132388,50
1274,2548.000,178.352282,50
1275,2550.000,34.279637,51
1276,2552.000,-205.081535,51
1277,2554.000,-270.198187,51
1278,2556.000,-269.007381,51
1279,2558.000,-154.677409,51
1280,2560.000,175.922319,51
1281,2562.000,199.925494,51
1282,2564.000,148.977154,51
1283,2566.000,160.485668,51
1284,2568.000,192.615246,51
1285,2570.000,63.647373,51
1286,2572.000,-175.060627,51
1287,2574.000,-241.744499,51
1288,2576.000,-241.407137,51
1289,2578.000,-139.308755,51
1290,2580.000,182.622502,51
1291,2582.000,226.851109,51
1292,2584.000,181.223271,51
1293,2586.000,191.802477,51
1294,2588.000,231.038503,51
1295,2590.000,177.964613,51
1296,2592.000,-44.059616,51
1297,2594.000,-121.117797,51
1298,2596.000,-123.494735,51
1299,2598.000,-55.884034,51
1300,2600.000,215.460278,52
1301,2602.000,278.393683,52
1302,2604.000,245.924168,52
1303,2606.000,257.272083,52
1304,2608.000,288.119923,52
1305,2610.000,335.715286,52
1306,2612.000,210.304810,52
1307,2614.000,128.251329,52
1308,2616.000,121.529021,52
1309,2618.000,136.830728,52
1310,2620.000,278.748641,52
1311,2622.000,370.700356,52
1312,2624.000,360.707326,52
1313,2626.000,372.640225,52
1314,2628.000,386.160467,52
1315,2630.000,400.000000,52
1316,2632.000,400.000000,52
1317,2634.000,400.000000,52
1318,2636.000,400.000000,52
1319,2638.000,400.000000,52
1320,2640.000,400.000000,52
1321,2642.000,400.000000,52
1322,2644.000,400.000000,52
1323,2646.000,400.000000,52
1324,2648.000,400.000000,52
1325,2650.000,400.000000,53
1326,2652.000,400.000000,53
1327,2654.000,371.483036,53
1328,2656.000,360.599895,53
1329,2658.000,361.529823,53
1330,2660.000,385.577439,53
1331,2662.000,362.004323,53
1332,2664.000,335.575239,53
1333,2666.000,345.774978,53
1334,2668.000,362.223001,53
1335,2670.000,400.000000,53
1336,2672.000,370.654055,53
1337,2674.000,296.024692,53
1338,2676.000,288.436066,53
1339,2678.000,310.340537,53
1340,2680.000,375.946090,53
1341,2682.000,301.791275,53
1342,2684.000,253.623945,53
1343,2686.000,262.286980,53
1344,2688.000,293.561923,53
1345,2690.000,364.383121,53
1346,2692.000,260.802252,53
1347,2694.000,174.044678,53
1348,2696.000,168.882390,53
1349,2698.000,222.939518,53
1350,2700.000,346.111053,54
1351,2702.000,262.457068,54
1352,2704.000,207.359339,54
1353,2706.000,216.859319,54
1354,2708.000,255.774242,54
1355,2710.000,258.355887,54
1356,2712.000,65.324553,54
1357,2714.000,-12.667753,54
1358,2716.000,-13.825466,54
1359,2718.000,67.375096,54
1360,2720.000,281.175456,54
1361,2722.000,228.921727,54
1362,2724.000,172.165891,54
1363,2726.000,182.649920,54
1364,2728.000,220.913675,54
1365,2730.000,151.357907,54
1366,2732.000,-77.086744,54
1367,2734.000,-149.527663,54
1368,2736.000,-149.581593,54
1369,2738.000,-51.788336,54
1370,2740.000,227.296570,54
1371,2742.000,214.759566,54
1372,2744.000,159.507818,54
1373,2746.000,170.323917,54
1374,2748.000,205.815244,54
1375,2750.000,102.661765,55
1376,2752.000,-135.431687,55
1377,2754.000,-206.070066,55
1378,2756.000,-205.909229,55
1379,2758.000,-99.786389,55
1380,2760.000,206.079841,55
1381,2762.000,208.762194,55
1382,2764.000,153.202933,55
1383,2766.000,164.202376,55
1384,2768.000,197.501111,55
1385,2770.000,76.444778,55
1386,2772.000,-166.692849,55
1387,2774.000,-237.088661,55
1388,2776.000,-236.785011,55
1389,2778.000,-126.016250,55
1390,2780.000,195.234560,55
1391,2782.000,206.756807,55
1392,2784.000,150.892466,55
1393,2786.000,161.954708,55
1394,2788.000,194.171500,55
1395,2790.000,63.519533,55
1396,2792.000,-181.958649,55
1397,2794.000,-252.429277,55
1398,2796.000,-252.290136,55
1399,2798.000,-139.511077,55
1400,2800.000,189.996074,56
1401,2802.000,207.228876,56
1402,2804.000,151.060408,56
1403,2806.000,162.103386,56
1404,2808.000,194.083189,56
1405,2810.000,61.522873,56
1406,2812.000,-185.158036,56
1407,2814.000,-255.852253,56
1408,2816.000,-255.906422,56
1409,2818.000,-143.403309,56
1410,2820.000,188.627933,56
1411,2822.000,209.014345,56
1412,2824.000,152.548665,56
1413,2826.000,163.360138,56
1414,2828.000,196.016049,56
1415,2830.000,69.926795,56
1416,2832.000,-175.678226,56
1417,2834.000,-247.802001,56
1418,2836.000,-248.437673,56
1419,2838.000,-144.129818,56
1420,2840.000,184.742759,56
1421,2842.000,219.437625,56
1422,2844.000,165.033742,56
1423,2846.000,175.189659,56
1424,2848.000,211.402680,56
1425,2850.000,118.488707,57
1426,2852.000,-122.255531,57
1427,2854.000,-198.961329,57
1428,2856.000,-200.659108,57
1429,2858.000,-112.511791,57
1430,2860.000,195.876288,57
1431,2862.000,244.075280,57
1432,2864.000,195.639014,57
1433,2866.000,204.972482,57
1434,2868.000,242.263871,57
1435,2870.000,235.863332,57
1436,2872.000,35.709099,57
1437,2874.000,-51.099020,57
1438,2876.000,-55.278832,57
1439,2878.000,-2.109957,57
1440,2880.000,235.946922,57
1441,2882.000,278.521523,57
1442,2884.000,238.230066,57
1443,2886.000,248.156529,57
1444,2888.000,280.123553,57
1445,2890.000,331.379310,57
1446,2892.000,193.402504,57
1447,2894.000,100.368321,57
1448,2896.000,93.442880,57
1449,2898.000,136.732022,57
1450,2900.000,311.147202,58
1451,2902.000,298.028934,58
1452,2904.000,254.091818,58
1453,2906.000,263.223489,58
1454,2908.000,293.242871,58
1455,2910.000,362.589879,58
1456,2912.000,258.939726,58
1457,2914.000,166.362353,58
1458,2916.000,159.513206,58
1459,2918.000,202.380157,58
1460,2920.000,342.407887,58
1461,2922.000,288.715111,58
1462,2924.000,234.361247,58
1463,2926.000,242.174893,58
1464,2928.000,276.506409,58
1465,2930.000,324.872485,58
1466,2932.000,173.915121,58
1467,2934.000,82.659779,58
1468,2936.000,77.340755,58
1469,2938.000,135.296695,58
1470,2940.000,313.347329,58
1471,2942.000,262.049563,58
1472,2944.000,202.710128,58
1473,2946.000,211.205508,58
1474,2948.000,249.243337,58
1475,2950.000,244.550400,59
1476,2952.000,41.203504,59
1477,2954.000,-43.398719,59
1478,2956.000,-45.467334,59
1479,2958.000,30.321411,59
1480,2960.000,265.951141,59
1481,2962.000,241.008167,59
1482,2964.000,182.979653,59
1483,2966.000,192.384314,59
1484,2968.000,230.756120,59
1485,2970.000,180.728409,59
1486,2972.000,-46.508461,59
1487,2974.000,-125.372282,59
1488,2976.000,-126.257435,59
1489,2978.000,-38.313823,59
1490,2980.000,235.706596,59
1491,2982.000,232.559852,59
1492,2984.000,176.437971,59
1493,2986.000,186.386512,59
1494,2988.000,224.760464,59
1495,2990.000,155.603189,59
1496,2992.000,-78.945074,59
1497,2994.000,-155.836935,59
1498,2996.000,-156.355972,59
1499,2998.000,-62.019451,59
1500,3000.000,226.257304,60
1501,3002.000,227.472952,60
1502,3004.000,171.347305,60
1503,3006.000,181.633160,60
1504,3008.000,219.338443,60
1505,3010.000,136.242835,60
1506,3012.000,-102.478469,60
1507,3014.000,-178.273079,60
1508,3016.000,-178.633091,60
1509,3018.000,-80.843554,60
1510,3020.000,218.145730,60
1511,3022.000,224.662712,60
1512,3024.000,167.920466,60
1513,3026.000,178.236744,60
1514,3028.000,215.194346,60
1515,3030.000,122.750488,60
1516,3032.000,-118.983092,60
1517,3034.000,-194.275116,60
1518,3036.000,-194.495606,60
1519,3038.000,-94.465935,60
1520,3040.000,212.375523,60
1521,3042.000,226.334742,60
1522,3044.000,171.850654,60
1523,3046.000,182.431433,60
1524,3048.000,220.302465,60
1525,3050.000,134.906737,61
1526,3052.000,-103.774846,61
1527,3054.000,-178.722117,61
1528,3056.000,-179.029200,61
1529,3058.000,-80.628643,61
1530,3060.000,218.478372,61
1531,3062.000,223.745516,61
1532,3064.000,166.995259,61
1533,3066.000,177.381012,61
1534,3068.000,214.101674,61
1535,3070.000,124.397579,61
1536,3072.000,-113.617005,61
1537,3074.000,-186.911796,61
1538,3076.000,-187.044834,61
1539,3078.000,-88.857423,61
1540,3080.000,211.949326,61
1541,3082.000,222.362831,61
1542,3084.000,167.376920,61
1543,3086.000,177.959130,61
1544,3088.000,214.872910,61
1545,3090.000,125.754371,61
1546,3092.000,-112.921538,61
1547,3094.000,-187.232326,61
1548,3096.000,-187.581800,61
1549,3098.000,-89.164697,61
1550,3100.000,211.851288,62
1551,3102.000,218.314531,62
1552,3104.000,160.140820,62
1553,3106.000,170.401069,62
1554,3108.000,205.548549,62
1555,3110.000,104.309476,62
1556,3112.000,-139.126174,62
1557,3114.000,-214.384248,62
1558,3116.000,-214.947917,62
1559,3118.000,-117.501034,62
1560,3120.000,196.327757,62
1561,3122.000,220.580032,62
1562,3124.000,164.053174,62
1563,3126.000,174.160120,62
1564,3128.000,210.169483,62
1565,3130.000,117.344203,62
1566,3132.000,-124.709097,62
1567,3134.000,-201.410747,62
1568,3136.000,-202.443004,62
1569,3138.000,-110.428346,62
1570,3140.000,198.505378,62
1571,3142.000,232.484559,62
1572,3144.000,177.635452,62
1573,3146.000,186.875652,62
1574,3148.000,224.031284,62
1575,3150.000,181.909821,63
1576,3152.000,-41.236930,63
1577,3154.000,-126.536671,63
1578,3156.000,-130.203310,63
1579,3158.000,-85.930548,63
1580,3160.000,167.029639,63
1581,3162.000,309.900941,63
1582,3164.000,294.380986,63
1583,3166.000,305.655659,63
1584,3168.000,320.576658,63
1585,3170.000,330.188028,63
1586,3172.000,331.066219,63
1587,3174.000,322.737112,63
1588,3176.000,308.866204,63
1589,3178.000,294.214236,63
1590,3180.000,284.741817,63
1591,3182.000,284.347663,63
1592,3184.000,293.428265,63
1593,3186.000,307.856120,63
1594,3188.000,322.398796,63
1595,3190.000,331.268779,63
1596,3192.000,331.596939,63
1597,3194.000,322.898093,63
1598,3196.000,308.717812,63
1599,3198.000,293.855130,63
1600,3200.000,284.200941,64
1601,3202.000,283.653818,64
1602,3204.000,292.616068,64
1603,3206.000,306.925429,64
1604,3208.000,321.400013,64
1605,3210.000,330.247728,64
1606,3212.000,330.509416,64
1607,3214.000,321.758309,64
1608,3216.000,307.546938,64
1609,3218.000,292.600142,64
1610,3220.000,282.898651,64
1611,3222.000,282.283769,64
1612,3224.000,291.197525,64
1613,3226.000,305.489767,64
1614,3228.000,319.921246,64
1615,3230.000,328.751794,64
1616,3232.000,329.000226,64
1617,3234.000,320.230236,64
1618,3236.000,306.024636,64
1619,3238.000,291.072117,64
1620,3240.000,281.341157,64
1621,3242.000,280.684981,64
1622,3244.000,289.557015,64
1623,3246.000,303.826654,64
1624,3248.000,318.245353,64
1625,3250.000,327.055589,65
1626,3252.000,327.325765,65
1627,3254.000,318.574896,65
1628,3256.000,304.352701,65
1629,3258.000,289.394842,65
1630,3260.000,279.618583,65
1631,3262.000,278.958783,65
1632,3264.000,287.813650,65
1633,3266.000,302.032650,65
1634,3268.000,316.447010,65
1635,3270.000,325.263014,65
1636,3272.000,325.548068,65
1637,3274.000,316.817417,65
1638,3276.000,302.593172,65
1639,3278.000,287.633930,65
1640,3280.000,277.850137,65
1641,3282.000,277.132449,65
1642,3284.000,285.973249,65
1643,3286.000,300.178230,65
1644,3288.000,314.554824,65
1645,3290.000,323.148909,65
1646,3292.000,328.020326,65
1647,3294.000,341.893809,65
1648,3296.000,336.401026,65
1649,3298.000,319.456472,65
1650,3300.000,240.473108,66
1651,3302.000,74.474773,66
1652,3304.000,8.185531,66
1653,3306.000,18.103506,66
1654,3308.000,9.148170,66
1655,3310.000,-143.355196,66
1656,3312.000,-334.764616,66
1657,3314.000,-400.000048,66
1658,3316.000,-400.000048,66
1659,3318.000,-377.689788,66
1660,3320.000,-146.399134,66
1661,3322.000,82.113228,66
1662,3324.000,88.933097,66
1663,3326.000,97.712433,66
1664,3328.000,116.258683,66
1665,3330.000,18.839648,66
1666,3332.000,-202.449203,66
1667,3334.000,-283.753763,66
1668,3336.000,-289.788328,66
1669,3338.000,-238.579588,66
1670,3340.000,40.726714,66
1671,3342.000,153.550214,66
1672,3344.000,109.095300,66
1673,3346.000,116.973462,66
1674,3348.000,139.756362,66
1675,3350.000,32.504801,67
1676,3352.000,-202.103114,67
1677,3354.000,-281.558690,67
1678,3356.000,-284.984956,67
1679,3358.000,-218.399980,67
1680,3360.000,85.447512,67
1681,3362.000,175.045225,67
1682,3364.000,122.420898,67
1683,3366.000,130.565611,67
1684,3368.000,155.881614,67
1685,3370.000,40.380673,67
1686,3372.000,-203.615880,67
1687,3374.000,-283.542381,67
1688,3376.000,-286.154066,67
1689,3378.000,-206.344963,67
1690,3380.000,115.166582,67
1691,3382.000,188.133501,67
1692,3384.000,130.720297,67
1693,3386.000,139.218633,67
1694,3388.000,166.337176,67
1695,3390.000,44.636398,67
1696,3392.000,-204.515577,67
1697,3394.000,-284.344039,67
1698,3396.000,-286.280762,67
1699,3398.000,-199.042344,67
1700,3400.000,132.437913,68
1701,3402.000,199.045586,68
1702,3404.000,140.756290,68
1703,3406.000,149.607342,68
1704,3408.000,179.052422,68
1705,3410.000,59.755285,68
1706,3412.000,-191.955542,68
1707,3414.000,-272.032866,68
1708,3416.000,-273.616776,68
1709,3418.000,-181.719372,68
1710,3420.000,151.668042,68
1711,3422.000,206.984259,68
1712,3424.000,146.117180,68
1713,3426.000,155.118007,68
1714,3428.000,185.877870,68
1715,3430.000,66.037853,68
1716,3432.000,-188.732360,68
1717,3434.000,-269.486889,68
1718,3436.000,-270.952591,68
1719,3438.000,-175.737736,68
1720,3440.000,161.276121,68
1721,3442.000,212.225129,68
1722,3444.000,150.222510,68
1723,3446.000,159.217329,68
1724,3448.000,190.840029,68
1725,3450.000,71.879539,69
1726,3452.000,-184.014867,69
1727,3454.000,-265.232022,69
1728,3456.000,-266.739591,69
1729,3458.000,-169.497987,69
1730,3460.000,168.649407,69
1731,3462.000,214.662291,69
1732,3464.000,151.499433,69
1733,3466.000,160.536833,69
1734,3468.000,192.560648,69
1735,3470.000,72.188052,69
1736,3472.000,-185.763667,69
1737,3474.000,-268.052705,69
1738,3476.000,-269.621357,69
1739,3478.000,-170.426341,69
1740,3480.000,171.163055,69
1741,3482.000,215.559794,69
1742,3484.000,151.004189,69
1743,3486.000,160.071344,69
1744,3488.000,191.805767,69
1745,3490.000,67.776402,69
1746,3492.000,-191.069626,69
1747,3494.000,-272.996029,69
1748,3496.000,-274.682841,69
1749,3498.000,-174.850199,69
1750,3500.000,169.410773,70
1751,3502.000,216.580464,70
1752,3504.000,152.003974,70
1753,3506.000,160.870762,70
1754,3508.000,192.728829,70
1755,3510.000,70.299062,70
1756,3512.000,-189.085840,70
1757,3514.000,-272.215828,70
1758,3516.000,-274.292025,70
1759,3518.000,-176.009008,70
1760,3520.000,168.144437,70
1761,3522.000,218.938424,70
1762,3524.000,155.168743,70
1763,3526.000,164.032097,70
1764,3528.000,197.228598,70
1765,3530.000,85.540925,70
1766,3532.000,-171.519729,70
1767,3534.000,-257.067902,70
1768,3536.000,-260.177357,70
1769,3538.000,-179.223893,70
1770,3540.000,153.372449,70
1771,3542.000,250.571662,70
1772,3544.000,201.445651,70
1773,3546.000,209.597803,70
1774,3548.000,244.077902,70
1775,3550.000,262.468274,71
1776,3552.000,85.487757,71
1777,3554.000,-7.049895,71
1778,3556.000,-14.346363,71
1779,3558.000,-13.822796,71
1780,3560.000,-11.781694,71
1781,3562.000,-8.568717,71
1782,3564.000,-4.683781,71
1783,3566.000,-1.310539,71
1784,3568.000,0.594664,71
1785,3570.000,1.051092,71
1786,3572.000,-0.282812,71
1787,3574.000,-3.109932,71
1788,3576.000,-5.418349,71
1789,3578.000,-6.793738,71
1790,3580.000,-6.531907,71
1791,3582.000,-4.511166,71
1792,3584.000,-1.462794,71
1793,3586.000,1.280451,71
1794,3588.000,2.692366,71
1795,3590.000,2.326870,71
1796,3592.000,0.361347,71
1797,3594.000,-2.566433,71
1798,3596.000,-5.506707,71
1799,3598.000,-7.619143,71
1800,3600.000,-8.050443,72
1801,3602.000,-6.610156,72
1802,3604.000,-3.993464,72
1803,3606.000,-1.502800,72
1804,3608.000,-0.222874,72
1805,3610.000,-0.755024,72
1806,3612.000,-2.949047,72
1807,3614.000,-6.212378,72
1808,3616.000,-9.637119,72
1809,3618.000,-12.280036,72
1810,3620.000,-13.219024,72
1811,3622.000,-12.213136,72
1812,3624.000,-9.853841,72
1813,3626.000,-7.512475,72
1814,3628.000,-6.347037,72
1815,3630.000,-7.005645,72
1816,3632.000,-9.432937,72
1817,3634.000,-13.087131,72
1818,3636.000,-16.993811,72
1819,3638.000,-20.208457,72
1820,3640.000,-21.636107,72
1821,3642.000,-21.028712,72
1822,3644.000,-18.988898,72
1823,3646.000,-16.811754,72
1824,3648.000,-15.692999,72
1825,3650.000,-16.362001,73
1826,3652.000,-18.823244,73
1827,3654.000,-22.569659,73
1828,3656.000,-26.586154,73
1829,3658.000,-29.971126,73
1830,3660.000,-31.658224,73
1831,3662.000,-31.235031,73
1832,3664.000,-29.230217,73
1833,3666.000,-27.011016,73
1834,3668.000,-25.773338,73
1835,3670.000,-26.295379,73
1836,3672.000,-28.580907,73
1837,3674.000,-32.210926,73
1838,3676.000,-36.178689,73
1839,3678.000,-39.501243,73
1840,3680.000,-41.070085,73
1841,3682.000,-40.454345,73
1842,3684.000,-38.125567,73
1843,3686.000,-35.462908,73
1844,3688.000,-33.682923,73
1845,3690.000,-33.242563,73
1846,3692.000,-34.688286,73
1847,3694.000,-38.235001,73
1848,3696.000,-41.712766,73
1849,3698.000,-44.540601,73
1850,3700.000,-45.635277,74
1851,3702.000,-44.531112,74
1852,3704.000,-41.689735,74
1853,3706.000,-38.447242,74
1854,3708.000,-35.970978,74
1855,3710.000,-34.774451,74
1856,3712.000,-35.753970,74
1857,3714.000,-38.809829,74
1858,3716.000,-41.936403,74
1859,3718.000,-44.407182,74
1860,3720.000,-45.208555,74
1861,3722.000,-43.838125,74
1862,3724.000,-40.702920,74
1863,3726.000,-37.157015,74
1864,3728.000,-34.344057,74
1865,3730.000,-32.860188,74
1866,3732.000,-33.648447,74
1867,3734.000,-36.484961,74
1868,3736.000,-39.568763,74
1869,3738.000,-42.020278,74
1870,3740.000,-42.878871,74
1871,3742.000,-41.611343,74
1872,3744.000,-38.587670,74
1873,3746.000,-35.166363,74
1874,3748.000,-32.426695,74
1875,3750.000,-31.129173,75
1876,3752.000,-32.078175,75
1877,3754.000,-34.904436,75
1878,3756.000,-38.217740,75
1879,3758.000,-40.838580,75
1880,3760.000,-41.912322,75
1881,3762.000,-40.878873,75
1882,3764.000,-38.089137,75
1883,3766.000,-34.912018,75
1884,3768.000,-32.362989,75
1885,3770.000,-31.396202,75
1886,3772.000,-32.597832,75
1887,3774.000,-35.387616,75
1888,3776.000,-38.913207,75
1889,3778.000,-41.718393,75
1890,3780.000,-42.960363,75
1891,3782.000,-42.104917,75
1892,3784.000,-39.486604,75
1893,3786.000,-36.414771,75
1894,3788.000,-33.853106,75
1895,3790.000,-33.104948,75
1896,3792.000,-34.353689,75
1897,3794.000,-36.933045,75
1898,3796.000,-40.535169,75
1899,3798.000,-43.407922,75
1900,3800.000,-44.713455,76
1901,3802.000,-43.929821,76
1902,3804.000,-41.388087,76
1903,3806.000,-38.411336,76
1904,3808.000,-35.870175,76
1905,3810.000,-35.379271,76
1906,3812.000,-36.690192,76
1907,3814.000,-39.124207,76
1908,3816.000,-42.741733,76
1909,3818.000,-45.733410,76
1910,3820.000,-47.043758,76
1911,3822.000,-46.311289,76
1912,3824.000,-43.877845,76
1913,3826.000,-40.943294,76
1914,3828.000,-38.461356,76
1915,3830.000,-38.196616,76
1916,3832.000,-39.569621,76
1917,3834.000,-41.914420,76
1918,3836.000,-45.316797,76
1919,3838.000,-48.316532,76
1920,3840.000,-49.589497,76
1921,3842.000,-48.819452,76
1922,3844.000,-46.314054,76
1923,3846.000,-43.251949,76
1924,3848.000,-40.777831,76
1925,3850.000,-40.579944,77
1926,3852.000,-41.799741,77
1927,3854.000,-43.919282,77
1928,3856.000,-46.971899,77
1929,3858.000,-49.894673,77
1930,3860.000,-51.014716,77
1931,3862.000,-50.085026,77
1932,3864.000,-47.425228,77
1933,3866.000,-44.177728,77
1934,3868.000,-41.632228,77
1935,3870.000,-41.278081,77
1936,3872.000,-42.266326,77
1937,3874.000,-44.167333,77
1938,3876.000,-46.913153,77
1939,3878.000,-49.717909,77
1940,3880.000,-50.783068,77
1941,3882.000,-49.831301,77
1942,3884.000,-47.171932,77
1943,3886.000,-43.885332,77
1944,3888.000,-41.518979,77
1945,3890.000,-41.271978,77
1946,3892.000,-42.315536,77
1947,3894.000,-44.328647,77
1948,3896.000,-47.114950,77
1949,3898.000,-50.199944,77
1950,3900.000,-51.663596,78
1951,3902.000,-51.160389,78
1952,3904.000,-48.963123,78
1953,3906.000,-46.101051,78
1954,3908.000,-44.356065,78
1955,3910.000,-44.569355,78
1956,3912.000,-46.112972,78
1957,3914.000,-48.521381,78
1958,3916.000,-51.437289,78
1959,3918.000,-54.822308,78
1960,3920.000,-56.716926,78
1961,3922.000,-56.656415,78
1962,3924.000,-54.931027,78
1963,3926.000,-52.570921,78
1964,3928.000,-51.461083,78
1965,3930.000,-52.124220,78
1966,3932.000,-54.028327,78
1967,3934.000,-56.659324,78
1968,3936.000,-59.560258,78
1969,3938.000,-62.882765,78
1970,3940.000,-65.012987,78
1971,3942.000,-65.098150,78
1972,3944.000,-63.426073,78
1973,3946.000,-61.248500,78
1974,3948.000,-60.509403,78
1975,3950.000,-61.228855,79
1976,3952.000,-63.047226,79
1977,3954.000,-65.527352,79
1978,3956.000,-68.136700,79
1979,3958.000,-70.893868,79
1980,3960.000,-72.887000,79
1981,3962.000,-72.743425,79
1982,3964.000,-70.692166,79
1983,3966.000,-68.479641,79
1984,3968.000,-67.585190,79
1985,3970.000,-67.972525,79
1986,3972.000,-69.364031,79
1987,3974.000,-71.423396,79
1988,3976.000,-73.601016,79
1989,3978.000,-75.681314,79
1990,3980.000,-77.319202,79
1991,3982.000,-76.861915,79
1992,3984.000,-74.412212,79
1993,3986.000,-72.133645,79
1994,3988.000,-70.979651,79
1995,3990.000,-71.022328,79
1996,3992.000,-72.041139,79
1997,3994.000,-73.744592,79
1998,3996.000,-75.582799,79
1999,3998.000,-77.187261,79
2000,4000.000,-78.471622,80
2001,4002.000,-77.843008,80
2002,4004.000,-75.203714,80
2003,4006.000,-72.959527,80
2004,4008.000,-71.718797,80
2005,4010.000,-71.666202,80
2006,4012.000,-72.594222,80
2007,4014.000,-74.249324,80
2008,4016.000,-76.068363,80
2009,4018.000,-77.603397,80
2010,4020.000,-78.770265,80
2011,4022.000,-78.259191,80
2012,4024.000,-75.840053,80
2013,4026.000,-73.928699,80
2014,4028.000,-72.907695,80
2015,4030.000,-73.042449,80
2016,4032.000,-74.141511,80
2017,4034.000,-75.946292,80
2018,4036.000,-77.905235,80
2019,4038.000,-79.531441,80
2020,4040.000,-80.497131,80
2021,4042.000,-80.107031,80
2022,4044.000,-78.037557,80
2023,4046.000,-76.339206,80
2024,4048.000,-75.451335,80
2025,4050.000,-75.655088,81
2026,4052.000,-76.787529,81
2027,4054.000,-78.600464,81
2028,4056.000,-80.499706,81
2029,4058.000,-81.987009,81
2030,4060.000,-82.421313,81
2031,4062.000,-81.606970,81
2032,4064.000,-79.855642,81
2033,4066.000,-77.977142,81
2034,4068.000,-76.849184,81
2035,4070.000,-76.765260,81
2036,4072.000,-77.597913,81
2037,4074.000,-79.077968,81
2038,4076.000,-80.605517,81
2039,4078.000,-81.659517,81
2040,4080.000,-81.625757,81
2041,4082.000,-80.304918,81
2042,4084.000,-78.033743,81
2043,4086.000,-75.708971,81
2044,4088.000,-74.192151,81
2045,4090.000,-73.737249,81
2046,4092.000,-74.227533,81
2047,4094.000,-75.372800,81
2048,4096.000,-76.558408,81
2049,4098.000,-77.254543,81
2050,4100.000,-76.857528,82
2051,4102.000,-75.204095,82
2052,4104.000,-72.674855,82
2053,4106.000,-70.164069,82
2054,4108.000,-68.557175,82
2055,4110.000,-68.082388,82
2056,4112.000,-68.599900,82
2057,4114.000,-69.786223,82
2058,4116.000,-70.968970,82
2059,4118.000,-71.645936,82
2060,4120.000,-71.231946,82
2061,4122.000,-69.587907,82
2062,4124.000,-67.140873,82
2063,4126.000,-64.835795,82
2064,4128.000,-63.524826,82
2065,4130.000,-63.381679,82
2066,4132.000,-64.219435,82
2067,4134.000,-65.687855,82
2068,4136.000,-67.105635,82
2069,4138.000,-67.928704,82
2070,4140.000,-67.642792,82
2071,4142.000,-66.131409,82
2072,4144.000,-63.835867,82
2073,4146.000,-61.748512,82
2074,4148.000,-60.716922,82
2075,4150.000,-60.858495,83
2076,4152.000,-61.951311,83
2077,4154.000,-63.563974,83
2078,4156.000,-65.001352,83
2079,4158.000,-65.772589,83
2080,4160.000,-65.380915,83
2081,4162.000,-63.760479,83
2082,4164.000,-61.398847,83
2083,4166.000,-59.333141,83
2084,4168.000,-58.359916,83
2085,4170.000,-58.531864,83
2086,4172.000,-59.611518,83
2087,4174.000,-61.141498,83
2088,4176.000,-62.396105,83
2089,4178.000,-62.867267,83
2090,4180.000,-62.142666,83
2091,4182.000,-60.218484,83
2092,4184.000,-57.656009,83
2093,4186.000,-55.515677,83
2094,4188.000,-54.527146,83
2095,4190.000,-54.702670,83
2096,4192.000,-55.749042,83
2097,4194.000,-57.177694,83
2098,4196.000,-58.242757,83
2099,4198.000,-58.486659,83
2100,4200.000,-57.552774,84
2101,4202.000,-55.502040,84
2102,4204.000,-52.933175,84
2103,4206.000,-50.927645,84
2104,4208.000,-50.138098,84
2105,4210.000,-50.524527,84
2106,4212.000,-51.733452,84
2107,4214.000,-53.244168,84
2108,4216.000,-54.316146,84
2109,4218.000,-54.504687,84
2110,4220.000,-53.555304,84
2111,4222.000,-51.578957,84
2112,4224.000,-49.196488,84
2113,4226.000,-47.504240,84
2114,4228.000,-47.069364,84
2115,4230.000,-47.778326,84
2116,4232.000,-49.261385,84
2117,4234.000,-50.948340,84
2118,4236.000,-52.133996,84
2119,4238.000,-52.422720,84
2120,4240.000,-51.590878,84
2121,4242.000,-49.813038,84
2122,4244.000,-47.710949,84
2123,4246.000,-46.391826,84
2124,4248.000,-46.329408,84
2125,4250.000,-47.373396,85
2126,4252.000,-49.132210,85
2127,4254.000,-51.046950,85
2128,4256.000,-52.421624,85
2129,4258.000,-52.880818,85
2130,4260.000,-52.257782,85
2131,4262.000,-50.748211,85
2132,4264.000,-48.991638,85
2133,4266.000,-48.089462,85
2134,4268.000,-48.372370,85
2135,4270.000,-49.709898,85
2136,4272.000,-51.695162,85
2137,4274.000,-53.758008,85
2138,4276.000,-55.245501,85
2139,4278.000,-55.782849,85
2140,4280.000,-55.224759,85
2141,4282.000,-53.826529,85
2142,4284.000,-52.281672,85
2143,4286.000,-51.633364,85
2144,4288.000,-52.084738,85
2145,4290.000,-53.496224,85
2146,4292.000,-55.495698,85
2147,4294.000,-57.503516,85
2148,4296.000,-58.896406,85
2149,4298.000,-59.344203,85
2150,4300.000,-58.694894,86
2151,4302.000,-57.445867,86
2152,4304.000,-56.560618,86
2153,4306.000,-55.308110,86
2154,4308.000,-56.982906,86
2155,4310.000,-114.913859,86
2156,4312.000,-249.260217,86
2157,4314.000,-325.189677,86
2158,4316.000,-336.664764,86
2159,4318.000,-335.023300,86
2160,4320.000,-251.957828,86
2161,4322.000,6.430054,86
2162,4324.000,148.941249,86
2163,4326.000,159.142370,86
2164,4328.000,133.699958,86
2165,4330.000,-39.822392,86
2166,4332.000,-262.456115,86
2167,4334.000,-355.183834,86
2168,4336.000,-365.954729,86
2169,4338.000,-353.215689,86
2170,4340.000,-173.263141,86
2171,4342.000,157.175226,86
2172,4344.000,311.041249,86
2173,4346.000,322.650519,86
2174,4348.000,304.068220,86
2175,4350.000,153.392905,87
2176,4352.000,-76.245126,87
2177,4354.000,-176.043961,87
2178,4356.000,-186.891244,87
2179,4358.000,-160.319634,87
2180,4360.000,96.761858,87
2181,4362.000,400.000000,87
2182,4364.000,400.000000,87
2183,4366.000,400.000000,87
2184,4368.000,400.000000,87
2185,4370.000,377.587888,87
2186,4372.000,117.794242,87
2187,4374.000,4.881478,87
2188,4376.000,-4.310084,87
2189,4378.000,38.724952,87
2190,4380.000,310.180415,87
2191,4382.000,400.000000,87
2192,4384.000,400.000000,87
2193,4386.000,400.000000,87
2194,4388.000,400.000000,87
2195,4390.000,400.000000,87
2196,4392.000,357.116074,87
2197,4394.000,243.009978,87
2198,4396.000,232.358245,87
2199,4398.000,269.339737,87
2200,4400.000,400.000000,88
2201,4402.000,400.000000,88
2202,4404.000,400.000000,88
2203,4406.000,400.000000,88
2204,4408.000,400.000000,88
2205,4410.000,400.000000,88
2206,4412.000,400.000000,88
2207,4414.000,400.000000,88
2208,4416.000,400.000000,88
2209,4418.000,400.000000,88
2210,4420.000,400.000000,88
2211,4422.000,329.553453,88
2212,4424.000,206.821848,88
2213,4426.000,202.806115,88
2214,4428.000,227.703265,88
2215,4430.000,280.308900,88
2216,4432.000,160.352917,88
2217,4434.000,51.848561,88
2218,4436.000,45.127826,88
2219,4438.000,95.726692,88
2220,4440.000,260.108120,88
2221,4442.000,162.143202,88
2222,4444.000,53.103358,88
2223,4446.000,55.835349,88
2224,4448.000,62.820728,88
2225,4450.000,-97.651207,89
2226,4452.000,-352.485985,89
2227,4454.000,-400.000048,89
2228,4456.000,-400.000048,89
2229,4458.000,-400.000048,89
2230,4460.000,-76.715288,89
2231,4462.000,152.882260,89
2232,4464.000,118.413319,89
2233,4466.000,123.362699,89
2234,4468.000,146.217078,89
2235,4470.000,12.636997,89
2236,4472.000,-263.475163,89
2237,4474.000,-367.029520,89
2238,4476.000,-372.936389,89
2239,4478.000,-313.912048,89
2240,4480.000,26.242116,89
2241,4482.000,235.114078,89
2242,4484.000,199.346471,89
2243,4486.000,206.305338,89
2244,4488.000,243.337374,89
2245,4490.000,191.173958,89
2246,4492.000,-76.817808,89
2247,4494.000,-192.844748,89
2248,4496.000,-199.604392,89
2249,4498.000,-136.206405,89
2250,4500.000,183.863137,90
2251,4502.000,301.730097,90
2252,4504.000,246.246892,90
2253,4506.000,252.979547,90
2254,4508.000,293.924987,90
2255,4510.000,289.333855,90
2256,4512.000,38.869433,90
2257,4514.000,-84.603749,90
2258,4516.000,-91.419231,90
2259,4518.000,-26.551727,90
2260,4520.000,271.404680,90
2261,4522.000,337.881081,90
2262,4524.000,274.951491,90
2263,4526.000,281.358705,90
2264,4528.000,321.896162,90
2265,4530.000,353.851504,90
2266,4532.000,133.921448,90
2267,4534.000,3.894949,90
2268,4536.000,-4.778481,90
2269,4538.000,34.439472,90
2270,4540.000,284.414850,90
2271,4542.000,400.000000,90
2272,4544.000,376.302335,90
2273,4546.000,383.870123,90
2274,4548.000,400.000000,90
2275,4550.000,400.000000,91
2276,4552.000,381.091116,91
2277,4554.000,265.585263,91
2278,4556.000,250.268155,91
2279,4558.000,258.336050,91
2280,4560.000,368.954130,91
2281,4562.000,400.000000,91
2282,4564.000,400.000000,91
2283,4566.000,400.000000,91
2284,4568.000,400.000000,91
2285,4570.000,400.000000,91
2286,4572.000,373.211190,91
2287,4574.000,256.266577,91
2288,4576.000,242.857056,91
2289,4578.000,258.320219,91
2290,4580.000,393.628978,91
2291,4582.000,400.000000,91
2292,4584.000,396.643781,91
2293,4586.000,400.000000,91
2294,4588.000,400.000000,91
2295,4590.000,400.000000,91
2296,4592.000,400.000000,91
2297,4594.000,293.858992,91
2298,4596.000,281.198297,91
2299,4598.000,303.284204,91
2300,4600.000,400.000000,92
2301,4602.000,400.000000,92
2302,4604.000,365.653845,92
2303,4606.000,370.346876,92
2304,4608.000,392.386197,92
2305,4610.000,400.000000,92
2306,4612.000,400.000000,92
2307,4614.000,366.043421,92
2308,4616.000,352.756542,92
2309,4618.000,371.933218,92
2310,4620.000,400.000000,92
2311,4622.000,397.402334,92
2312,4624.000,327.754584,92
2313,4626.000,330.218641,92
2314,4628.000,352.554697,92
2315,4630.000,400.000000,92
2316,4632.000,400.000000,92
2317,4634.000,369.391771,92
2318,4636.000,355.998845,92
2319,4638.000,376.484725,92
2320,4640.000,400.000000,92
2321,4642.000,356.671233,92
2322,4644.000,275.129828,92
2323,4646.000,274.770102,92
2324,4648.000,298.801172,92
2325,4650.000,378.300617,93
2326,4652.000,320.581999,93
2327,4654.000,204.894376,93
2328,4656.000,193.771719,93
2329,4658.000,227.758101,93
2330,4660.000,360.749049,93
2331,4662.000,289.742743,93
2332,4664.000,197.125172,93
2333,4666.000,198.234772,93
2334,4668.000,229.601744,93
2335,4670.000,241.792374,93
2336,4672.000,35.026888,93
2337,4674.000,-81.417046,93
2338,4676.000,-87.495624,93
2339,4678.000,-30.866674,93
2340,4680.000,223.660734,93
2341,4682.000,233.405952,93
2342,4684.000,141.531484,93
2343,4686.000,144.323700,93
2344,4688.000,173.761627,93
2345,4690.000,90.026580,93
2346,4692.000,-173.555252,93
2347,4694.000,-279.190240,93
2348,4696.000,-283.719621,93
2349,4698.000,-215.987088,93
2350,4700.000,112.885489,94
2351,4702.000,217.617633,94
2352,4704.000,140.601604,94
2353,4706.000,144.256323,94
2354,4708.000,173.214695,94
2355,4710.000,68.396338,94
2356,4712.000,-205.186248,94
2357,4714.000,-310.218228,94
2358,4716.000,-315.005388,94
2359,4718.000,-242.742520,94
2360,4720.000,103.737557,94
2361,4722.000,225.505236,94
2362,4724.000,151.923961,94
2363,4726.000,155.805082,94
2364,4728.000,186.853383,94
2365,4730.000,86.486064,94
2366,4732.000,-189.974188,94
2367,4734.000,-297.046888,94
2368,4736.000,-302.390611,94
2369,4738.000,-228.428963,94
2370,4740.000,120.411696,94
2371,4742.000,236.937503,94
2372,4744.000,162.276144,94
2373,4746.000,166.037436,94
2374,4748.000,198.903441,94
2375,4750.000,105.903304,95
2376,4752.000,-172.195074,95
2377,4754.000,-281.748901,95
2378,4756.000,-287.679325,95
2379,4758.000,-212.692381,95
2380,4760.000,136.411016,95
2381,4762.000,247.159415,95
2382,4764.000,171.868679,95
2383,4766.000,175.775692,95
2384,4768.000,210.218836,95
2385,4770.000,127.098766,95
2386,4772.000,-149.691313,95
2387,4774.000,-260.742409,95
2388,4776.000,-266.911634,95
2389,4778.000,-190.342974,95
2390,4780.000,155.413074,95
2391,4782.000,250.817233,95
2392,4784.000,171.762582,95
2393,4786.000,175.521252,95
2394,4788.000,210.140635,95
2395,4790.000,128.002802,95
2396,4792.000,-147.476023,95
2397,4794.000,-257.939322,95
2398,4796.000,-264.208205,95
2399,4798.000,-187.424348,95
2400,4800.000,156.893272,96
2401,4802.000,246.047812,96
2402,4804.000,164.196225,96
2403,4806.000,167.909833,96
2404,4808.000,201.333642,96
2405,4810.000,114.284148,96
2406,4812.000,-160.473223,96
2407,4814.000,-269.744714,96
2408,4816.000,-275.773177,96
2409,4818.000,-198.812413,96
2410,4820.000,146.256417,96
2411,4822.000,238.520126,96
2412,4824.000,155.817718,96
2413,4826.000,159.002180,96
2414,4828.000,190.940594,96
2415,4830.000,104.553617,96
2416,4832.000,-165.312882,96
2417,4834.000,-272.648033,96
2418,4836.000,-278.488908,96
2419,4838.000,-209.980608,96
2420,4840.000,124.233213,96
2421,4842.000,241.766196,96
2422,4844.000,167.826291,96
2423,4846.000,170.223829,96
2424,4848.000,201.464200,96
2425,4850.000,173.702738,97
2426,4852.000,-60.726698,97
2427,4854.000,-175.063726,97
2428,4856.000,-183.322738,97
2429,4858.000,-157.239647,97
2430,4860.000,69.450720,97
2431,4862.000,292.629181,97
2432,4864.000,287.380587,97
2433,4866.000,293.682467,97
2434,4868.000,309.532584,97
2435,4870.000,345.171636,97
2436,4872.000,362.172075,97
2437,4874.000,307.277621,97
2438,4876.000,294.057452,97
2439,4878.000,293.678748,97
2440,4880.000,300.654972,97
2441,4882.000,350.948662,97
2442,4884.000,384.336565,97
2443,4886.000,395.978689,97
2444,4888.000,400.000000,97
2445,4890.000,400.000000,97
2446,4892.000,380.324266,97
2447,4894.000,310.653914,97
2448,4896.000,293.755137,97
2449,4898.000,294.529998,97
2450,4900.000,331.525318,98
2451,4902.000,312.210168,98
2452,4904.000,251.424343,98
2453,4906.000,252.399570,98
2454,4908.000,268.752321,98
2455,4910.000,323.887911,98
2456,4912.000,367.885109,98
2457,4914.000,298.147523,98
2458,4916.000,280.125461,98
2459,4918.000,289.565550,98
2460,4920.000,340.319245,98
2461,4922.000,261.090691,98
2462,4924.000,169.283458,98
2463,4926.000,165.716525,98
2464,4928.000,185.395311,98
2465,4930.000,230.089406,98
2466,4932.000,132.142893,98
2467,4934.000,19.695570,98
2468,4936.000,7.568074,98
2469,4938.000,23.728564,98
2470,4940.000,173.733875,98
2471,4942.000,220.608451,98
2472,4944.000,155.400915,98
2473,4946.000,155.823869,98
2474,4948.000,175.988504,98
2475,4950.000,211.152245,99
2476,4952.000,89.299880,99
2477,4954.000,-22.535422,99
2478,4956.000,-34.073548,99
2479,4958.000,-17.364599,99
2480,4960.000,144.404715,99
2481,4962.000,215.365769,99
2482,4964.000,155.968494,99
2483,4966.000,156.318111,99
2484,4968.000,175.104496,99
2485,4970.000,215.900256,99
2486,4972.000,120.072284,99
2487,4974.000,8.717490,99
2488,4976.000,-4.861928,99
2489,4978.000,3.420973,99
2490,4980.000,131.439988,99
2491,4982.000,232.009009,99
2492,4984.000,195.618987,99
2493,4986.000,200.125337,99
2494,4988.000,217.381456,99
2495,4990.000,267.639383,99
2496,4992.000,220.150926,99
2497,4994.000,108.799900,99
2498,4996.000,92.641889,99
2499,4998.000,105.688394,99
